1765317190623 715158336.0 0
1765317192844 714132992.0 1
1765317195141 712045312.0 2
1765317197396 708948864.0 3
1765317199717 704904128.0 4
1765317201974 700009344.0 5
1765317204230 694284800.0 6
1765317206540 687757888.0 7
1765317208865 680506496.0 8
1765317211116 672615168.0 9
1765317213380 663982464.0 10
1765317215675 654808512.0 11
1765317217986 645272512.0 12
1765317220249 635185344.0 13
1765317222503 624095872.0 14
1765317224736 612872832.0 15
1765317226991 601312960.0 16
1765317229306 589442368.0 17
1765317231617 577310208.0 18
1765317233944 564929152.0 19
1765317236180 552348160.0 20
1765317238485 539602944.0 21
1765317240751 526746272.0 22
1765317243038 513794880.0 23
1765317245296 500619584.0 24
1765317247590 487334080.0 25
1765317250151 474059296.0 26
1765317252431 460833728.0 27
1765317254738 447620928.0 28
1765317256998 434490048.0 29
1765317190623 715158336.0 0
