1765317190623 11012.109375 0
1765317192844 10986.052734375 1
1765317195141 10928.7353515625 2
1765317197396 10867.0517578125 3
1765317199717 10797.4052734375 4
1765317201974 10752.759765625 5
1765317204230 10664.908203125 6
1765317206540 10532.9716796875 7
1765317208865 10407.8408203125 8
1765317211116 10286.052734375 9
1765317213380 10177.91015625 10
1765317215675 10091.6728515625 11
1765317217986 10050.7666015625 12
1765317220249 9853.7724609375 13
1765317222503 9709.2216796875 14
1765317224736 9566.25390625 15
1765317226991 9423.28515625 16
1765317229306 9284.5859375 17
1765317231617 9159.423828125 18
1765317233944 9016.6669921875 19
1765317236180 8863.306640625 20
1765317238485 8691.8408203125 21
1765317240751 8529.5966796875 22
1765317243038 8369.982421875 23
1765317245296 8209.138671875 24
1765317247590 8051.17919921875 25
1765317250151 7932.76171875 26
1765317252431 7780.96533203125 27
1765317254738 7578.30029296875 28
1765317256998 7393.322265625 29
1765317190623 11012.109375 0
